NST/exampleDEM.asc
ncols 30
nrows 30
xllcorner 0.0
yllcorner 0.0
cellsize 100.0
[rows 0 to 20 of 30, columns 0 to 29 of 30]
8.610160612409381020e-01 8.185708168807928065e-01 8.258379242324350722e-01 8.494477682540299002e-01 8.360983486414449439e-01 9.057217178638066191e-01 8.836118908748820111e-01 9.432349181190614607e-01 9.218660247493171145e-01 9.371045258729383542e-01 9.071329652653761233e-01 9.381792666147349413e-01 9.453287244132451139e-01 1.005610826736488050e+00 9.455299492078093060e-01 9.581397724605863475e-01 1.037749200574745068e+00 1.050244883812518903e+00 1.063616361953144906e+00 1.004864980736235758e+00 1.026834045439533272e+00 1.052507464944878013e+00 1.078439516169360290e+00 1.116113302529593287e+00 1.093531105354104138e+00 1.041541072505490995e+00 1.058944869214557105e+00 1.067663420025384502e+00 1.157421319339058341e+00 1.094047612475812059e+00
8.235394501084108976e-01 6.286453036729500177e-01 6.495528999370048240e-01 6.394784986521115933e-01 6.295420205573937222e-01 6.021500231866017128e-01 5.944048994495640947e-01 6.056022944778246542e-01 5.715730739898590151e-01 6.054858278061815424e-01 6.473069280318807239e-01 6.809503187890256770e-01 6.821393686931510603e-01 6.508008460178706933e-01 6.543086714437966744e-01 6.742467494751379631e-01 6.894232434846445656e-01 6.587672360601338761e-01 6.711682214918975875e-01 7.106139503461003093e-01 6.964620473671067069e-01 7.189707524161587093e-01 6.832668630151473854e-01 6.779400085446098956e-01 6.713906877506053972e-01 7.174705967528858253e-01 7.381599302096372162e-01 7.391207173967853095e-01 7.777929028336576511e-01 1.168902208487335725e+00
8.512652741548423219e-01 5.556789066067715499e-01 5.877723039016060635e-01 5.648229651988158073e-01 5.980643536067595800e-01 5.109810180049237927e-01 5.070250536816879317e-01 5.625814450335050454e-01 4.839113778981723457e-01 5.278621977173126867e-01 6.003486154474163561e-01 5.992321491527288213e-01 6.455447301312600139e-01 5.475890150903390818e-01 5.473707518096626590e-01 5.750210006075657798e-01 6.078576995183861964e-01 5.728300490131463807e-01 6.599389674181385113e-01 6.480894054108441438e-01 5.522641693512457817e-01 6.507659268164157629e-01 5.695063887016756921e-01 5.534370851777334899e-01 5.525988874674839790e-01 6.730868360923292215e-01 6.176171881986232126e-01 6.177121026292548001e-01 7.377727696416340741e-01 1.071772743579864962e+00
7.864850437083469314e-01 5.100951249308045554e-01 5.101984899476015300e-01 5.094500837078159705e-01 5.860279742234928424e-01 5.335228185083503716e-01 4.484637199124958951e-01 4.887505469115940859e-01 4.450200521223484085e-01 5.280893323119755234e-01 5.104172695374648017e-01 5.978121585596836152e-01 6.103283456768746618e-01 5.709844333036249164e-01 4.803094550407260854e-01 5.663951067573979037e-01 5.176876742588891744e-01 6.031992315552964223e-01 6.167299232646608065e-01 5.725287496965207890e-01 4.789398370595204235e-01 5.847168436901687416e-01 5.870250540964091490e-01 4.753191326652076998e-01 5.608584741080041569e-01 5.926980120070787228e-01 5.321514883828463160e-01 6.528141981962676255e-01 7.604936052209785302e-01 1.059532159374423355e+00
7.991885014785200525e-01 5.024746391462210360e-01 4.568249256940518088e-01 5.319750442346752317e-01 5.726391700477114766e-01 4.959022217332151317e-01 4.902954144815043769e-01 4.127550623792446416e-01 4.890235249383935723e-01 4.575883762422553458e-01 5.430456999389889905e-01 5.668429920641495645e-01 5.522445892760914354e-01 4.955693397904522568e-01 4.571221822238020205e-01 4.778672707382167206e-01 5.648151882575003224e-01 6.223384262831177516e-01 5.412509491032228004e-01 4.550012904231073851e-01 4.416211673095537527e-01 5.488734963419277246e-01 5.508724855602794568e-01 4.497909385170419938e-01 4.569985097899139648e-01 4.799403505321281904e-01 5.321500306249727918e-01 6.014343212390342863e-01 7.222598673111585432e-01 1.042434893296824816e+00
8.236924896885613467e-01 4.295433493020160420e-01 5.012162696777578974e-01 5.461964635260686540e-01 5.428622514099556984e-01 4.886874316096579407e-01 4.215785754445050548e-01 3.997654032698924054e-01 4.189268184239078319e-01 4.968853892366042468e-01 5.632592540530255709e-01 5.108937488324188925e-01 5.158872341288073260e-01 4.370686557748263978e-01 5.151875934917922173e-01 5.466499864103647743e-01 5.083738905587891210e-01 5.516918261955064962e-01 4.708133455170728787e-01 4.041715680736779892e-01 4.974937656885505821e-01 5.413352673449460806e-01 4.981692486442356183e-01 4.289749980607501789e-01 5.249973361674308281e-01 5.869242510556031966e-01 6.276687794920374763e-01 6.748335049006469744e-01 7.307398729213587796e-01 1.063690012768330195e+00
7.832696610330411868e-01 4.141347405317465924e-01 4.380050738658570753e-01 4.898475754130846016e-01 5.031805074848784143e-01 4.245159381910297292e-01 3.852710458551295569e-01 4.566736128086884561e-01 4.968915315420106560e-01 5.239420873090833153e-01 4.792119195794358744e-01 4.683897917363862851e-01 5.011205816515063027e-01 4.254000309532716684e-01 4.989581136721241150e-01 5.017006339996685771e-01 4.166817441205017403e-01 4.832524502540812561e-01 4.439720881384219831e-01 3.882901810800430953e-01 4.709107629641428594e-01 4.775246829399110715e-01 4.109400389775598184e-01 5.011017860769308996e-01 4.516051055195798303e-01 4.758442686362058804e-01 5.085944653279963479e-01 5.673822423162637740e-01 6.914464884917748133e-01 1.064391292023171953e+00
8.067141778346407222e-01 4.600760011686946815e-01 3.918400627662371738e-01 4.357378352923897968e-01 5.036376491952641032e-01 4.445049534355374199e-01 3.760303538553982361e-01 4.229736781993863604e-01 4.972260065440248233e-01 4.925033216419404392e-01 4.214416397236259160e-01 4.593279391551951529e-01 4.695866548789771056e-01 4.145364693620312013e-01 4.868306164373923939e-01 4.633837478509032493e-01 3.837694249597686791e-01 4.195403218495068476e-01 3.678717142700255183e-01 4.438814213345075865e-01 4.761470329443798222e-01 3.956181942609798274e-01 4.054185415371172052e-01 4.222635109432815170e-01 5.141528075530755748e-01 5.860663154660884500e-01 6.269640968334808662e-01 6.714606213594918049e-01 7.328722980631153794e-01 1.029777546292591772e+00
7.815888729082106634e-01 4.279063101672934133e-01 3.801456323792854475e-01 4.453420846718782466e-01 4.927566001703445608e-01 4.334954821344944587e-01 3.676177552373556812e-01 4.349981493336014804e-01 4.921331420238695409e-01 4.774106333400027213e-01 4.459453972878292816e-01 3.912419649692628898e-01 4.006400886277644569e-01 4.698626109937824591e-01 4.922799912128548727e-01 4.457392090505731819e-01 4.096713769058312193e-01 3.485689660047345262e-01 4.185205477468218471e-01 4.375772489737988491e-01 4.475424396652543102e-01 3.852560639929488717e-01 4.652826202601350047e-01 5.136832016355603603e-01 4.887611269909389877e-01 5.762261744460804858e-01 6.692226605640960724e-01 6.447818789415133978e-01 6.897236177859729089e-01 1.006846394591848659e+00
7.637887969842359626e-01 3.632570299860428120e-01 4.276304303303567478e-01 4.673135582574894364e-01 4.427236459007981018e-01 3.912429482535247360e-01 3.578973615678268660e-01 3.893374996951175504e-01 4.597588567143420235e-01 4.463733085315265692e-01 3.800579639556423417e-01 4.455727350789315255e-01 4.694035913747769961e-01 5.029997918995345874e-01 4.550719547327979342e-01 3.772120684145857661e-01 3.410639997447685312e-01 4.088054982216168254e-01 3.584539622283318683e-01 3.650229176271255760e-01 3.734113618668377654e-01 4.495647192904947409e-01 4.652640600874730081e-01 5.657673533288452017e-01 5.937897781330592206e-01 6.037924259825946383e-01 5.389689445300893667e-01 5.215617677131335617e-01 6.449004039235366470e-01 1.053224805474722858e+00
7.784064065356410822e-01 3.519722068793896819e-01 3.989237122361837251e-01 3.985820887927563616e-01 3.999407388895078741e-01 3.471305696535798013e-01 3.911293049915095521e-01 4.549274511826278955e-01 4.909544073488665283e-01 4.376043077021954941e-01 3.719502155989952152e-01 4.070779117137272030e-01 4.532948694684147406e-01 5.302650901538673578e-01 4.576284279008816513e-01 3.803737783330666811e-01 3.356240703364768985e-01 4.025606113863084978e-01 4.306641047400315836e-01 4.132363564756494356e-01 4.481645934159518840e-01 4.331965477636064987e-01 5.263381985551294218e-01 5.095403583676249015e-01 5.332609166808760515e-01 5.103618934373104210e-01 4.456836615941570656e-01 5.064533236586893361e-01 6.349946499109020426e-01 1.047204683033397643e+00
6.858923627722431915e-01 3.989830885128514137e-01 3.358058181391774810e-01 3.884121517277794311e-01 3.363041301472685651e-01 4.002308823612254485e-01 4.424315320714055089e-01 4.917593500202326884e-01 4.868890044084885349e-01 4.097205367774947593e-01 3.634880817992151014e-01 4.174566947412136630e-01 4.469526382857422764e-01 4.573758345935322600e-01 4.245721920024258522e-01 3.883175347491855112e-01 3.303155292485087102e-01 3.746001730166082511e-01 4.526831736923089267e-01 5.012198823125761926e-01 5.281607170556975595e-01 5.257224817681133144e-01 4.966004118070952433e-01 4.228507598755021357e-01 4.741169940039400288e-01 4.121477343031995089e-01 5.104880189526058709e-01 6.045634011590355072e-01 6.750592521923362010e-01 1.001236680579924432e+00
7.628502739101263863e-01 3.879757731402506682e-01 3.255596175660349090e-01 3.258263140537828728e-01 3.888492109067562263e-01 4.287835658513285964e-01 4.604561523874869389e-01 4.318436817655876281e-01 4.403922226233220605e-01 4.242848875533778985e-01 4.055852852137284414e-01 3.528163180153450207e-01 4.156302190382667461e-01 3.818105295264423993e-01 3.811062233985611503e-01 3.231358836862240347e-01 3.892968480075238435e-01 3.836235983182010867e-01 4.622509565405553134e-01 5.039301512227793989e-01 4.369281473870753052e-01 4.736335796009257249e-01 4.338967582745101859e-01 3.760842196045359187e-01 3.877087174836684191e-01 4.083227718605995094e-01 4.794554516821230572e-01 6.076361956422617894e-01 6.951130698525733731e-01 9.660664518080455121e-01
6.765762190494879480e-01 3.781383862183114175e-01 3.155943147543063820e-01 3.691888126081171451e-01 3.975630031549536314e-01 4.444297889856177464e-01 4.323171252546812449e-01 3.672251664989756859e-01 3.688471052600559297e-01 3.945761593972012538e-01 3.423165674678419479e-01 4.053808490374274376e-01 4.052541696694080819e-01 3.738409994272335890e-01 3.159141207762402592e-01 3.811439194324809931e-01 3.675090577592642904e-01 4.420289743737884081e-01 4.995427499753016254e-01 4.616240923251233030e-01 3.836431666258027229e-01 4.162554420309941827e-01 3.600054968466739891e-01 4.361521713254254973e-01 4.740210882101718037e-01 5.061489263485190460e-01 4.598900216684547737e-01 5.250287418052872468e-01 6.594389603719283954e-01 1.017591307130633504e+00
6.775744723288452676e-01 3.888714978863496707e-01 3.609288744600627208e-01 3.074148233559947929e-01 3.501805157059297291e-01 4.078723894490802748e-01 4.077043915292940524e-01 3.774744827039492878e-01 3.251843778415965946e-01 3.319538800593367922e-01 3.937518174484511135e-01 3.958434381374184019e-01 3.661110685148413202e-01 3.093881161537628821e-01 3.729304580351011644e-01 4.138387294500368574e-01 4.418205449209156033e-01 4.788099447442128453e-01 4.633796836813752207e-01 4.253996542146803450e-01 3.548938240895909146e-01 3.458890768543148031e-01 4.171704796744996058e-01 4.755285221305093346e-01 5.437591628244412556e-01 5.682139693370551470e-01 5.824315931961986381e-01 6.327439071860345710e-01 6.932447042838512097e-01 9.555021410014981065e-01
6.615864171997186682e-01 3.527043620081607989e-01 2.998687312142513939e-01 3.609971960909158506e-01 3.553471718601634022e-01 3.435494091573766950e-01 3.688468071744538945e-01 3.164958898814556054e-01 3.782049788783949928e-01 3.939719908357033340e-01 4.165858058230013095e-01 3.668334834941218148e-01 3.024035874823882697e-01 3.663624497952983061e-01 3.736639621529030952e-01 4.458014783593079455e-01 4.290499767130606656e-01 4.598262240658618216e-01 3.811622497118979935e-01 3.873548182280863728e-01 3.310009228577786011e-01 3.486369332321083148e-01 4.216275825952716660e-01 4.164633756943731946e-01 4.593192233943517166e-01 5.499451714040982653e-01 5.764737133409173486e-01 5.675489349738491729e-01 6.702121525353439413e-01 1.011656269432947619e+00
6.434459711399738158e-01 2.919929980842277395e-01 3.453183357230672490e-01 3.469448121823635045e-01 2.949167209391764244e-01 3.003467272736555227e-01 3.075911176487682308e-01 3.693863309353098145e-01 4.079126609276038651e-01 4.209701486487882338e-01 3.465635794040932138e-01 3.547968380694559998e-01 2.978919631291608860e-01 3.325376433368656404e-01 3.992686215292148288e-01 4.211934645058088011e-01 3.616329514200307682e-01 4.093293932298238680e-01 3.757013755112816877e-01 3.207624685575776735e-01 3.875092186378169545e-01 4.191465981763476401e-01 3.763929397519806264e-01 4.558232762754036438e-01 5.384165089551213867e-01 5.550718452713210294e-01 4.750941318536224256e-01 5.698865008486369010e-01 6.284548672458506458e-01 1.018744804146837657e+00
6.882949925786662204e-01 3.451429585384043763e-01 2.841774278723334102e-01 2.870739510646771464e-01 3.472101692943631024e-01 3.619712642901543598e-01 3.500139539840528280e-01 3.605111933178871686e-01 4.168374308258129268e-01 3.773390031002047396e-01 3.485532645394979756e-01 2.922491625018003303e-01 3.541910890955963787e-01 3.908234997411372258e-01 4.306762937561202653e-01 3.879975083536092995e-01 3.225475942022765219e-01 3.654337487263422668e-01 3.107114361094329702e-01 3.759947690495215600e-01 3.733182085453994326e-01 4.540861291123372556e-01 4.528364714911169431e-01 4.809059261014270725e-01 5.224815516675183069e-01 4.600166199917621324e-01 4.356666255176292468e-01 4.779725027554752592e-01 5.854233121406603457e-01 9.889630687234529649e-01
6.470516552669729471e-01 3.337100077362307182e-01 2.786766735479233592e-01 3.397777417062752825e-01 3.467008622670161300e-01 4.092708923114549147e-01 4.168448502414204837e-01 4.196945755487977991e-01 3.930798546828520590e-01 3.231300965868981190e-01 2.847240705586444043e-01 3.416025671668448949e-01 3.704939277831812428e-01 4.064398493773645482e-01 3.830145444393611154e-01 3.536940772946596256e-01 2.964805652802203761e-01 3.010419568280440772e-01 3.653447980245223548e-01 3.812821565924047196e-01 4.499444965810269759e-01 4.907575768658808957e-01 4.588596582976473548e-01 4.407626820246701715e-01 4.581183053924243187e-01 4.060247637726615566e-01 4.875558343198654332e-01 5.659470225274937372e-01 6.106775852831992646e-01 9.352800936786298536e-01
6.236901287774431202e-01 2.726492728962905399e-01 3.269950898539911166e-01 3.522863084081662155e-01 3.634760409559572025e-01 3.931419622257151802e-01 4.451628012064310358e-01 4.056624056055252447e-01 3.769039493476339375e-01 3.755960730767363698e-01 3.406761217685598808e-01 2.781438540113436719e-01 3.155014713567720341e-01 3.622509804786367416e-01 3.473885579348563457e-01 2.910953867616639101e-01 3.538651212905004617e-01 3.659899681584641851e-01 3.120735431594950926e-01 3.772757755989051831e-01 4.211353994811493084e-01 4.591177265098376203e-01 4.236198252120000896e-01 3.692423560468738319e-01 3.829084866909467366e-01 4.572922186996303262e-01 5.144981115890341350e-01 5.062780621236933065e-01 5.910833115182000386e-01 9.418931150164280286e-01
6.091610737661237174e-01 3.280536532346484124e-01 2.654627929777103601e-01 3.197542961825008412e-01 3.015512260129237232e-01 3.644803362919724621e-01 3.844445913507736901e-01 3.649724232519754308e-01 3.102264093433477754e-01 3.626010381243270908e-01 3.564195390002435349e-01 3.288759857780331197e-01 2.716470627006989380e-01 3.345624132387354788e-01 2.847080768694913444e-01 3.476154210804233147e-01 3.298630042168886334e-01 4.020712895468183667e-01 3.768749353329197138e-01 3.225885281537500537e-01 3.885898393112469096e-01 4.082177373262340092e-01 3.535453433491443365e-01 4.228948265048440569e-01 3.895507066060678314e-01 4.065812192797021440e-01 4.273464827900098628e-01 4.885780337557356079e-01 5.890210119597804050e-01 8.901593357613415414e-01
